9 8 4 0 0 0 6 7 0
0 5 0 4 0 6 0 0 1
6 0 3 0 0 8 5 4 0
0 7 8 0 2 0 0 0 5
0 0 9 8 0 0 7 0 0
0 0 0 7 4 0 0 0 8
0 0 2 0 0 4 0 5 7
0 0 0 0 0 0 0 0 0
0 9 0 0 3 0 0 8 0
32
19 0,0 0,1 1,0
16 0,2 1,1 1,2
7 0,3 1,3
16 0,4 1,4 1,5
11 0,5 0,6
9 0,7 0,8
13 1,6 2,6
4 1,7 1,8
9 2,0 3,0
6 2,1 2,2 2,3
9 2,4 3,4
17 2,5 3,5
11 2,7 3,7 4,7
17 2,8 3,8 4,8
27 3,1 3,2 4,2 5,2 6,2
14 3,3 4,3
11 3,6 4,6
6 4,0 4,1
6 4,4 4,5
14 5,0 5,1 6,1
16 5,3 6,3
10 5,4 6,4
12 5,5 5,6
17 5,7 5,8 6,8
16 6,0 7,0 8,0
5 6,5 6,6
24 6,7 7,7 7,8 8,8
18 7,1 7,2 8,1
12 7,3 7,4 8,4
5 7,5 7,6
11 8,2 8,3
17 8,5 8,6 8,7