9 9
0 0 0 4 1 0 0 7 0
5 8 1 0 6 0 4 0 0
0 0 0 9 0 8 5 0 0
1 0 5 0 0 2 0 8 0
0 0 0 0 0 0 0 0 7
0 2 0 0 0 9 6 0 3
6 9 0 0 0 7 8 0 0
8 0 0 0 0 0 7 0 0
0 0 0 0 0 0 0 0 0
34
7 0,0 1,0
14 0,1 1,1
13 0,2 0,3
23 0,4 0,5 1,4 1,5 2,5
14 0,6 0,7 1,6
17 0,8 1,8
17 1,2 1,3 2,3
2 1,7
11 2,0 2,1
3 2,2
2 2,4
11 2,6 2,7
17 2,8 3,8 4,7 4,8
4 3,0 3,1
21 3,2 4,2 5,1 5,2
14 3,3 4,3
9 3,4 3,5
25 3,6 3,7 4,6 5,6
13 4,0 4,1
4 4,4 4,5
22 5,0 6,0 6,1
18 5,3 5,4 5,5
4 5,7 6,7
5 5,8 6,8
10 6,2 6,3 6,4
21 6,5 6,6 7,5
9 7,0 7,1
9 7,2 8,2
24 7,3 7,4 8,4 8,5
8 7,6 8,6
9 7,7 7,8
8 8,0 8,1
2 8,3
15 8,7 8,8