=== Start solving Sudoku using DFS ===

Step 0: Placed 6 in cell (8, 8)
2 6 9 4 1 5 3 7 8
5 8 1 7 6 3 4 2 9
4 7 3 9 2 8 5 6 1
1 3 5 6 7 2 9 8 4
9 4 6 8 3 1 2 5 7
7 2 8 5 4 9 6 1 3
6 9 4 1 5 7 8 3 2
8 1 2 3 9 6 7 4 5
3 5 7 2 8 4 1 9 6

Step 1: Placed 9 in cell (8, 7)
2 6 9 4 1 5 3 7 8
5 8 1 7 6 3 4 2 9
4 7 3 9 2 8 5 6 1
1 3 5 6 7 2 9 8 4
9 4 6 8 3 1 2 5 7
7 2 8 5 4 9 6 1 3
6 9 4 1 5 7 8 3 2
8 1 2 3 9 6 7 4 5
3 5 7 2 8 4 1 9 6

Step 2: Placed 1 in cell (8, 6)
2 6 9 4 1 5 3 7 8
5 8 1 7 6 3 4 2 9
4 7 3 9 2 8 5 6 1
1 3 5 6 7 2 9 8 4
9 4 6 8 3 1 2 5 7
7 2 8 5 4 9 6 1 3
6 9 4 1 5 7 8 3 2
8 1 2 3 9 6 7 4 5
3 5 7 2 8 4 1 9 6

Step 3: Placed 4 in cell (8, 5)
2 6 9 4 1 5 3 7 8
5 8 1 7 6 3 4 2 9
4 7 3 9 2 8 5 6 1
1 3 5 6 7 2 9 8 4
9 4 6 8 3 1 2 5 7
7 2 8 5 4 9 6 1 3
6 9 4 1 5 7 8 3 2
8 1 2 3 9 6 7 4 5
3 5 7 2 8 4 1 9 6

Step 4: Placed 8 in cell (8, 4)
2 6 9 4 1 5 3 7 8
5 8 1 7 6 3 4 2 9
4 7 3 9 2 8 5 6 1
1 3 5 6 7 2 9 8 4
9 4 6 8 3 1 2 5 7
7 2 8 5 4 9 6 1 3
6 9 4 1 5 7 8 3 2
8 1 2 3 9 6 7 4 5
3 5 7 2 8 4 1 9 6

Step 5: Placed 2 in cell (8, 3)
2 6 9 4 1 5 3 7 8
5 8 1 7 6 3 4 2 9
4 7 3 9 2 8 5 6 1
1 3 5 6 7 2 9 8 4
9 4 6 8 3 1 2 5 7
7 2 8 5 4 9 6 1 3
6 9 4 1 5 7 8 3 2
8 1 2 3 9 6 7 4 5
3 5 7 2 8 4 1 9 6

Step 6: Placed 7 in cell (8, 2)
2 6 9 4 1 5 3 7 8
5 8 1 7 6 3 4 2 9
4 7 3 9 2 8 5 6 1
1 3 5 6 7 2 9 8 4
9 4 6 8 3 1 2 5 7
7 2 8 5 4 9 6 1 3
6 9 4 1 5 7 8 3 2
8 1 2 3 9 6 7 4 5
3 5 7 2 8 4 1 9 6

Step 7: Placed 5 in cell (8, 1)
2 6 9 4 1 5 3 7 8
5 8 1 7 6 3 4 2 9
4 7 3 9 2 8 5 6 1
1 3 5 6 7 2 9 8 4
9 4 6 8 3 1 2 5 7
7 2 8 5 4 9 6 1 3
6 9 4 1 5 7 8 3 2
8 1 2 3 9 6 7 4 5
3 5 7 2 8 4 1 9 6

Step 8: Placed 3 in cell (8, 0)
2 6 9 4 1 5 3 7 8
5 8 1 7 6 3 4 2 9
4 7 3 9 2 8 5 6 1
1 3 5 6 7 2 9 8 4
9 4 6 8 3 1 2 5 7
7 2 8 5 4 9 6 1 3
6 9 4 1 5 7 8 3 2
8 1 2 3 9 6 7 4 5
3 5 7 2 8 4 1 9 6

Step 9: Placed 5 in cell (7, 8)
2 6 9 4 1 5 3 7 8
5 8 1 7 6 3 4 2 9
4 7 3 9 2 8 5 6 1
1 3 5 6 7 2 9 8 4
9 4 6 8 3 1 2 5 7
7 2 8 5 4 9 6 1 3
6 9 4 1 5 7 8 3 2
8 1 2 3 9 6 7 4 5
3 5 7 2 8 4 1 9 6

Step 10: Placed 4 in cell (7, 7)
2 6 9 4 1 5 3 7 8
5 8 1 7 6 3 4 2 9
4 7 3 9 2 8 5 6 1
1 3 5 6 7 2 9 8 4
9 4 6 8 3 1 2 5 7
7 2 8 5 4 9 6 1 3
6 9 4 1 5 7 8 3 2
8 1 2 3 9 6 7 4 5
3 5 7 2 8 4 1 9 6

Step 11: Placed 6 in cell (7, 5)
2 6 9 4 1 5 3 7 8
5 8 1 7 6 3 4 2 9
4 7 3 9 2 8 5 6 1
1 3 5 6 7 2 9 8 4
9 4 6 8 3 1 2 5 7
7 2 8 5 4 9 6 1 3
6 9 4 1 5 7 8 3 2
8 1 2 3 9 6 7 4 5
3 5 7 2 8 4 1 9 6

Step 12: Placed 9 in cell (7, 4)
2 6 9 4 1 5 3 7 8
5 8 1 7 6 3 4 2 9
4 7 3 9 2 8 5 6 1
1 3 5 6 7 2 9 8 4
9 4 6 8 3 1 2 5 7
7 2 8 5 4 9 6 1 3
6 9 4 1 5 7 8 3 2
8 1 2 3 9 6 7 4 5
3 5 7 2 8 4 1 9 6

Step 13: Placed 3 in cell (7, 3)
2 6 9 4 1 5 3 7 8
5 8 1 7 6 3 4 2 9
4 7 3 9 2 8 5 6 1
1 3 5 6 7 2 9 8 4
9 4 6 8 3 1 2 5 7
7 2 8 5 4 9 6 1 3
6 9 4 1 5 7 8 3 2
8 1 2 3 9 6 7 4 5
3 5 7 2 8 4 1 9 6

Step 14: Placed 2 in cell (7, 2)
2 6 9 4 1 5 3 7 8
5 8 1 7 6 3 4 2 9
4 7 3 9 2 8 5 6 1
1 3 5 6 7 2 9 8 4
9 4 6 8 3 1 2 5 7
7 2 8 5 4 9 6 1 3
6 9 4 1 5 7 8 3 2
8 1 2 3 9 6 7 4 5
3 5 7 2 8 4 1 9 6

Step 15: Placed 1 in cell (7, 1)
2 6 9 4 1 5 3 7 8
5 8 1 7 6 3 4 2 9
4 7 3 9 2 8 5 6 1
1 3 5 6 7 2 9 8 4
9 4 6 8 3 1 2 5 7
7 2 8 5 4 9 6 1 3
6 9 4 1 5 7 8 3 2
8 1 2 3 9 6 7 4 5
3 5 7 2 8 4 1 9 6

Step 16: Placed 2 in cell (6, 8)
2 6 9 4 1 5 3 7 8
5 8 1 7 6 3 4 2 9
4 7 3 9 2 8 5 6 1
1 3 5 6 7 2 9 8 4
9 4 6 8 3 1 2 5 7
7 2 8 5 4 9 6 1 3
6 9 4 1 5 7 8 3 2
8 1 2 3 9 6 7 4 5
3 5 7 2 8 4 1 9 6

Step 17: Placed 3 in cell (6, 7)
2 6 9 4 1 5 3 7 8
5 8 1 7 6 3 4 2 9
4 7 3 9 2 8 5 6 1
1 3 5 6 7 2 9 8 4
9 4 6 8 3 1 2 5 7
7 2 8 5 4 9 6 1 3
6 9 4 1 5 7 8 3 2
8 1 2 3 9 6 7 4 5
3 5 7 2 8 4 1 9 6

Step 18: Placed 5 in cell (6, 4)
2 6 9 4 1 5 3 7 8
5 8 1 7 6 3 4 2 9
4 7 3 9 2 8 5 6 1
1 3 5 6 7 2 9 8 4
9 4 6 8 3 1 2 5 7
7 2 8 5 4 9 6 1 3
6 9 4 1 5 7 8 3 2
8 1 2 3 9 6 7 4 5
3 5 7 2 8 4 1 9 6

Step 19: Placed 1 in cell (6, 3)
2 6 9 4 1 5 3 7 8
5 8 1 7 6 3 4 2 9
4 7 3 9 2 8 5 6 1
1 3 5 6 7 2 9 8 4
9 4 6 8 3 1 2 5 7
7 2 8 5 4 9 6 1 3
6 9 4 1 5 7 8 3 2
8 1 2 3 9 6 7 4 5
3 5 7 2 8 4 1 9 6

Step 20: Placed 4 in cell (6, 2)
2 6 9 4 1 5 3 7 8
5 8 1 7 6 3 4 2 9
4 7 3 9 2 8 5 6 1
1 3 5 6 7 2 9 8 4
9 4 6 8 3 1 2 5 7
7 2 8 5 4 9 6 1 3
6 9 4 1 5 7 8 3 2
8 1 2 3 9 6 7 4 5
3 5 7 2 8 4 1 9 6

Step 21: Placed 1 in cell (5, 7)
2 6 9 4 1 5 3 7 8
5 8 1 7 6 3 4 2 9
4 7 3 9 2 8 5 6 1
1 3 5 6 7 2 9 8 4
9 4 6 8 3 1 2 5 7
7 2 8 5 4 9 6 1 3
6 9 4 1 5 7 8 3 2
8 1 2 3 9 6 7 4 5
3 5 7 2 8 4 1 9 6

Step 22: Placed 4 in cell (5, 4)
2 6 9 4 1 5 3 7 8
5 8 1 7 6 3 4 2 9
4 7 3 9 2 8 5 6 1
1 3 5 6 7 2 9 8 4
9 4 6 8 3 1 2 5 7
7 2 8 5 4 9 6 1 3
6 9 4 1 5 7 8 3 2
8 1 2 3 9 6 7 4 5
3 5 7 2 8 4 1 9 6

Step 23: Placed 5 in cell (5, 3)
2 6 9 4 1 5 3 7 8
5 8 1 7 6 3 4 2 9
4 7 3 9 2 8 5 6 1
1 3 5 6 7 2 9 8 4
9 4 6 8 3 1 2 5 7
7 2 8 5 4 9 6 1 3
6 9 4 1 5 7 8 3 2
8 1 2 3 9 6 7 4 5
3 5 7 2 8 4 1 9 6

Step 24: Placed 8 in cell (5, 2)
2 6 9 4 1 5 3 7 8
5 8 1 7 6 3 4 2 9
4 7 3 9 2 8 5 6 1
1 3 5 6 7 2 9 8 4
9 4 6 8 3 1 2 5 7
7 2 8 5 4 9 6 1 3
6 9 4 1 5 7 8 3 2
8 1 2 3 9 6 7 4 5
3 5 7 2 8 4 1 9 6

Step 25: Placed 7 in cell (5, 0)
2 6 9 4 1 5 3 7 8
5 8 1 7 6 3 4 2 9
4 7 3 9 2 8 5 6 1
1 3 5 6 7 2 9 8 4
9 4 6 8 3 1 2 5 7
7 2 8 5 4 9 6 1 3
6 9 4 1 5 7 8 3 2
8 1 2 3 9 6 7 4 5
3 5 7 2 8 4 1 9 6

Step 26: Placed 5 in cell (4, 7)
2 6 9 4 1 5 3 7 8
5 8 1 7 6 3 4 2 9
4 7 3 9 2 8 5 6 1
1 3 5 6 7 2 9 8 4
9 4 6 8 3 1 2 5 7
7 2 8 5 4 9 6 1 3
6 9 4 1 5 7 8 3 2
8 1 2 3 9 6 7 4 5
3 5 7 2 8 4 1 9 6

Step 27: Placed 2 in cell (4, 6)
2 6 9 4 1 5 3 7 8
5 8 1 7 6 3 4 2 9
4 7 3 9 2 8 5 6 1
1 3 5 6 7 2 9 8 4
9 4 6 8 3 1 2 5 7
7 2 8 5 4 9 6 1 3
6 9 4 1 5 7 8 3 2
8 1 2 3 9 6 7 4 5
3 5 7 2 8 4 1 9 6

Step 28: Placed 1 in cell (4, 5)
2 6 9 4 1 5 3 7 8
5 8 1 7 6 3 4 2 9
4 7 3 9 2 8 5 6 1
1 3 5 6 7 2 9 8 4
9 4 6 8 3 1 2 5 7
7 2 8 5 4 9 6 1 3
6 9 4 1 5 7 8 3 2
8 1 2 3 9 6 7 4 5
3 5 7 2 8 4 1 9 6

Step 29: Placed 3 in cell (4, 4)
2 6 9 4 1 5 3 7 8
5 8 1 7 6 3 4 2 9
4 7 3 9 2 8 5 6 1
1 3 5 6 7 2 9 8 4
9 4 6 8 3 1 2 5 7
7 2 8 5 4 9 6 1 3
6 9 4 1 5 7 8 3 2
8 1 2 3 9 6 7 4 5
3 5 7 2 8 4 1 9 6

Step 30: Placed 8 in cell (4, 3)
2 6 9 4 1 5 3 7 8
5 8 1 7 6 3 4 2 9
4 7 3 9 2 8 5 6 1
1 3 5 6 7 2 9 8 4
9 4 6 8 3 1 2 5 7
7 2 8 5 4 9 6 1 3
6 9 4 1 5 7 8 3 2
8 1 2 3 9 6 7 4 5
3 5 7 2 8 4 1 9 6

Step 31: Placed 6 in cell (4, 2)
2 6 9 4 1 5 3 7 8
5 8 1 7 6 3 4 2 9
4 7 3 9 2 8 5 6 1
1 3 5 6 7 2 9 8 4
9 4 6 8 3 1 2 5 7
7 2 8 5 4 9 6 1 3
6 9 4 1 5 7 8 3 2
8 1 2 3 9 6 7 4 5
3 5 7 2 8 4 1 9 6

Step 32: Placed 4 in cell (4, 1)
2 6 9 4 1 5 3 7 8
5 8 1 7 6 3 4 2 9
4 7 3 9 2 8 5 6 1
1 3 5 6 7 2 9 8 4
9 4 6 8 3 1 2 5 7
7 2 8 5 4 9 6 1 3
6 9 4 1 5 7 8 3 2
8 1 2 3 9 6 7 4 5
3 5 7 2 8 4 1 9 6

Step 33: Placed 9 in cell (4, 0)
2 6 9 4 1 5 3 7 8
5 8 1 7 6 3 4 2 9
4 7 3 9 2 8 5 6 1
1 3 5 6 7 2 9 8 4
9 4 6 8 3 1 2 5 7
7 2 8 5 4 9 6 1 3
6 9 4 1 5 7 8 3 2
8 1 2 3 9 6 7 4 5
3 5 7 2 8 4 1 9 6

Step 34: Placed 4 in cell (3, 8)
2 6 9 4 1 5 3 7 8
5 8 1 7 6 3 4 2 9
4 7 3 9 2 8 5 6 1
1 3 5 6 7 2 9 8 4
9 4 6 8 3 1 2 5 7
7 2 8 5 4 9 6 1 3
6 9 4 1 5 7 8 3 2
8 1 2 3 9 6 7 4 5
3 5 7 2 8 4 1 9 6

Step 35: Placed 9 in cell (3, 6)
2 6 9 4 1 5 3 7 8
5 8 1 7 6 3 4 2 9
4 7 3 9 2 8 5 6 1
1 3 5 6 7 2 9 8 4
9 4 6 8 3 1 2 5 7
7 2 8 5 4 9 6 1 3
6 9 4 1 5 7 8 3 2
8 1 2 3 9 6 7 4 5
3 5 7 2 8 4 1 9 6

Step 36: Placed 7 in cell (3, 4)
2 6 9 4 1 5 3 7 8
5 8 1 7 6 3 4 2 9
4 7 3 9 2 8 5 6 1
1 3 5 6 7 2 9 8 4
9 4 6 8 3 1 2 5 7
7 2 8 5 4 9 6 1 3
6 9 4 1 5 7 8 3 2
8 1 2 3 9 6 7 4 5
3 5 7 2 8 4 1 9 6

Step 37: Placed 6 in cell (3, 3)
2 6 9 4 1 5 3 7 8
5 8 1 7 6 3 4 2 9
4 7 3 9 2 8 5 6 1
1 3 5 6 7 2 9 8 4
9 4 6 8 3 1 2 5 7
7 2 8 5 4 9 6 1 3
6 9 4 1 5 7 8 3 2
8 1 2 3 9 6 7 4 5
3 5 7 2 8 4 1 9 6

Step 38: Placed 3 in cell (3, 1)
2 6 9 4 1 5 3 7 8
5 8 1 7 6 3 4 2 9
4 7 3 9 2 8 5 6 1
1 3 5 6 7 2 9 8 4
9 4 6 8 3 1 2 5 7
7 2 8 5 4 9 6 1 3
6 9 4 1 5 7 8 3 2
8 1 2 3 9 6 7 4 5
3 5 7 2 8 4 1 9 6

Step 39: Placed 1 in cell (2, 8)
2 6 9 4 1 5 3 7 8
5 8 1 7 6 3 4 2 9
4 7 3 9 2 8 5 6 1
1 3 5 6 7 2 9 8 4
9 4 6 8 3 1 2 5 7
7 2 8 5 4 9 6 1 3
6 9 4 1 5 7 8 3 2
8 1 2 3 9 6 7 4 5
3 5 7 2 8 4 1 9 6

Step 40: Placed 6 in cell (2, 7)
2 6 9 4 1 5 3 7 8
5 8 1 7 6 3 4 2 9
4 7 3 9 2 8 5 6 1
1 3 5 6 7 2 9 8 4
9 4 6 8 3 1 2 5 7
7 2 8 5 4 9 6 1 3
6 9 4 1 5 7 8 3 2
8 1 2 3 9 6 7 4 5
3 5 7 2 8 4 1 9 6

Step 41: Placed 2 in cell (2, 4)
2 6 9 4 1 5 3 7 8
5 8 1 7 6 3 4 2 9
4 7 3 9 2 8 5 6 1
1 3 5 6 7 2 9 8 4
9 4 6 8 3 1 2 5 7
7 2 8 5 4 9 6 1 3
6 9 4 1 5 7 8 3 2
8 1 2 3 9 6 7 4 5
3 5 7 2 8 4 1 9 6

Step 42: Placed 3 in cell (2, 2)
2 6 9 4 1 5 3 7 8
5 8 1 7 6 3 4 2 9
4 7 3 9 2 8 5 6 1
1 3 5 6 7 2 9 8 4
9 4 6 8 3 1 2 5 7
7 2 8 5 4 9 6 1 3
6 9 4 1 5 7 8 3 2
8 1 2 3 9 6 7 4 5
3 5 7 2 8 4 1 9 6

Step 43: Placed 7 in cell (2, 1)
2 6 9 4 1 5 3 7 8
5 8 1 7 6 3 4 2 9
4 7 3 9 2 8 5 6 1
1 3 5 6 7 2 9 8 4
9 4 6 8 3 1 2 5 7
7 2 8 5 4 9 6 1 3
6 9 4 1 5 7 8 3 2
8 1 2 3 9 6 7 4 5
3 5 7 2 8 4 1 9 6

Step 44: Placed 4 in cell (2, 0)
2 6 9 4 1 5 3 7 8
5 8 1 7 6 3 4 2 9
4 7 3 9 2 8 5 6 1
1 3 5 6 7 2 9 8 4
9 4 6 8 3 1 2 5 7
7 2 8 5 4 9 6 1 3
6 9 4 1 5 7 8 3 2
8 1 2 3 9 6 7 4 5
3 5 7 2 8 4 1 9 6

Step 45: Placed 9 in cell (1, 8)
2 6 9 4 1 5 3 7 8
5 8 1 7 6 3 4 2 9
4 7 3 9 2 8 5 6 1
1 3 5 6 7 2 9 8 4
9 4 6 8 3 1 2 5 7
7 2 8 5 4 9 6 1 3
6 9 4 1 5 7 8 3 2
8 1 2 3 9 6 7 4 5
3 5 7 2 8 4 1 9 6

Step 46: Placed 2 in cell (1, 7)
2 6 9 4 1 5 3 7 8
5 8 1 7 6 3 4 2 9
4 7 3 9 2 8 5 6 1
1 3 5 6 7 2 9 8 4
9 4 6 8 3 1 2 5 7
7 2 8 5 4 9 6 1 3
6 9 4 1 5 7 8 3 2
8 1 2 3 9 6 7 4 5
3 5 7 2 8 4 1 9 6

Step 47: Placed 3 in cell (1, 5)
2 6 9 4 1 5 3 7 8
5 8 1 7 6 3 4 2 9
4 7 3 9 2 8 5 6 1
1 3 5 6 7 2 9 8 4
9 4 6 8 3 1 2 5 7
7 2 8 5 4 9 6 1 3
6 9 4 1 5 7 8 3 2
8 1 2 3 9 6 7 4 5
3 5 7 2 8 4 1 9 6

Step 48: Placed 7 in cell (1, 3)
2 6 9 4 1 5 3 7 8
5 8 1 7 6 3 4 2 9
4 7 3 9 2 8 5 6 1
1 3 5 6 7 2 9 8 4
9 4 6 8 3 1 2 5 7
7 2 8 5 4 9 6 1 3
6 9 4 1 5 7 8 3 2
8 1 2 3 9 6 7 4 5
3 5 7 2 8 4 1 9 6

Step 49: Placed 8 in cell (0, 8)
2 6 9 4 1 5 3 7 8
5 8 1 7 6 3 4 2 9
4 7 3 9 2 8 5 6 1
1 3 5 6 7 2 9 8 4
9 4 6 8 3 1 2 5 7
7 2 8 5 4 9 6 1 3
6 9 4 1 5 7 8 3 2
8 1 2 3 9 6 7 4 5
3 5 7 2 8 4 1 9 6

Step 50: Placed 3 in cell (0, 6)
2 6 9 4 1 5 3 7 8
5 8 1 7 6 3 4 2 9
4 7 3 9 2 8 5 6 1
1 3 5 6 7 2 9 8 4
9 4 6 8 3 1 2 5 7
7 2 8 5 4 9 6 1 3
6 9 4 1 5 7 8 3 2
8 1 2 3 9 6 7 4 5
3 5 7 2 8 4 1 9 6

Step 51: Placed 5 in cell (0, 5)
2 6 9 4 1 5 3 7 8
5 8 1 7 6 3 4 2 9
4 7 3 9 2 8 5 6 1
1 3 5 6 7 2 9 8 4
9 4 6 8 3 1 2 5 7
7 2 8 5 4 9 6 1 3
6 9 4 1 5 7 8 3 2
8 1 2 3 9 6 7 4 5
3 5 7 2 8 4 1 9 6

Step 52: Placed 9 in cell (0, 2)
2 6 9 4 1 5 3 7 8
5 8 1 7 6 3 4 2 9
4 7 3 9 2 8 5 6 1
1 3 5 6 7 2 9 8 4
9 4 6 8 3 1 2 5 7
7 2 8 5 4 9 6 1 3
6 9 4 1 5 7 8 3 2
8 1 2 3 9 6 7 4 5
3 5 7 2 8 4 1 9 6

Step 53: Placed 6 in cell (0, 1)
2 6 9 4 1 5 3 7 8
5 8 1 7 6 3 4 2 9
4 7 3 9 2 8 5 6 1
1 3 5 6 7 2 9 8 4
9 4 6 8 3 1 2 5 7
7 2 8 5 4 9 6 1 3
6 9 4 1 5 7 8 3 2
8 1 2 3 9 6 7 4 5
3 5 7 2 8 4 1 9 6

Step 54: Placed 2 in cell (0, 0)
2 6 9 4 1 5 3 7 8
5 8 1 7 6 3 4 2 9
4 7 3 9 2 8 5 6 1
1 3 5 6 7 2 9 8 4
9 4 6 8 3 1 2 5 7
7 2 8 5 4 9 6 1 3
6 9 4 1 5 7 8 3 2
8 1 2 3 9 6 7 4 5
3 5 7 2 8 4 1 9 6


Solution found!
Total expanded states: 117
Total visited states: 117
Execution time: 0.013512 seconds
Memory usage: 512 Bytes
---------------------------
2 6 9 4 1 5 3 7 8
5 8 1 7 6 3 4 2 9
4 7 3 9 2 8 5 6 1
1 3 5 6 7 2 9 8 4
9 4 6 8 3 1 2 5 7
7 2 8 5 4 9 6 1 3
6 9 4 1 5 7 8 3 2
8 1 2 3 9 6 7 4 5
3 5 7 2 8 4 1 9 6

