=== Start solving Sudoku using DFS ===

Step 0: Placed 3 in cell (8, 8)
9 3 1 4 2 7 5 6 8
6 7 8 9 1 5 3 4 2
2 4 5 6 8 3 1 9 7
4 9 7 1 3 2 6 8 5
1 2 6 5 9 8 7 3 4
5 8 3 7 6 4 2 1 9
3 5 4 8 7 1 9 2 6
7 6 2 3 4 9 8 5 1
8 1 9 2 5 6 4 7 3

Step 1: Placed 7 in cell (8, 7)
9 3 1 4 2 7 5 6 8
6 7 8 9 1 5 3 4 2
2 4 5 6 8 3 1 9 7
4 9 7 1 3 2 6 8 5
1 2 6 5 9 8 7 3 4
5 8 3 7 6 4 2 1 9
3 5 4 8 7 1 9 2 6
7 6 2 3 4 9 8 5 1
8 1 9 2 5 6 4 7 3

Step 2: Placed 4 in cell (8, 6)
9 3 1 4 2 7 5 6 8
6 7 8 9 1 5 3 4 2
2 4 5 6 8 3 1 9 7
4 9 7 1 3 2 6 8 5
1 2 6 5 9 8 7 3 4
5 8 3 7 6 4 2 1 9
3 5 4 8 7 1 9 2 6
7 6 2 3 4 9 8 5 1
8 1 9 2 5 6 4 7 3

Step 3: Placed 6 in cell (8, 5)
9 3 1 4 2 7 5 6 8
6 7 8 9 1 5 3 4 2
2 4 5 6 8 3 1 9 7
4 9 7 1 3 2 6 8 5
1 2 6 5 9 8 7 3 4
5 8 3 7 6 4 2 1 9
3 5 4 8 7 1 9 2 6
7 6 2 3 4 9 8 5 1
8 1 9 2 5 6 4 7 3

Step 4: Placed 2 in cell (8, 3)
9 3 1 4 2 7 5 6 8
6 7 8 9 1 5 3 4 2
2 4 5 6 8 3 1 9 7
4 9 7 1 3 2 6 8 5
1 2 6 5 9 8 7 3 4
5 8 3 7 6 4 2 1 9
3 5 4 8 7 1 9 2 6
7 6 2 3 4 9 8 5 1
8 1 9 2 5 6 4 7 3

Step 5: Placed 9 in cell (8, 2)
9 3 1 4 2 7 5 6 8
6 7 8 9 1 5 3 4 2
2 4 5 6 8 3 1 9 7
4 9 7 1 3 2 6 8 5
1 2 6 5 9 8 7 3 4
5 8 3 7 6 4 2 1 9
3 5 4 8 7 1 9 2 6
7 6 2 3 4 9 8 5 1
8 1 9 2 5 6 4 7 3

Step 6: Placed 1 in cell (8, 1)
9 3 1 4 2 7 5 6 8
6 7 8 9 1 5 3 4 2
2 4 5 6 8 3 1 9 7
4 9 7 1 3 2 6 8 5
1 2 6 5 9 8 7 3 4
5 8 3 7 6 4 2 1 9
3 5 4 8 7 1 9 2 6
7 6 2 3 4 9 8 5 1
8 1 9 2 5 6 4 7 3

Step 7: Placed 8 in cell (8, 0)
9 3 1 4 2 7 5 6 8
6 7 8 9 1 5 3 4 2
2 4 5 6 8 3 1 9 7
4 9 7 1 3 2 6 8 5
1 2 6 5 9 8 7 3 4
5 8 3 7 6 4 2 1 9
3 5 4 8 7 1 9 2 6
7 6 2 3 4 9 8 5 1
8 1 9 2 5 6 4 7 3

Step 8: Placed 1 in cell (7, 8)
9 3 1 4 2 7 5 6 8
6 7 8 9 1 5 3 4 2
2 4 5 6 8 3 1 9 7
4 9 7 1 3 2 6 8 5
1 2 6 5 9 8 7 3 4
5 8 3 7 6 4 2 1 9
3 5 4 8 7 1 9 2 6
7 6 2 3 4 9 8 5 1
8 1 9 2 5 6 4 7 3

Step 9: Placed 5 in cell (7, 7)
9 3 1 4 2 7 5 6 8
6 7 8 9 1 5 3 4 2
2 4 5 6 8 3 1 9 7
4 9 7 1 3 2 6 8 5
1 2 6 5 9 8 7 3 4
5 8 3 7 6 4 2 1 9
3 5 4 8 7 1 9 2 6
7 6 2 3 4 9 8 5 1
8 1 9 2 5 6 4 7 3

Step 10: Placed 8 in cell (7, 6)
9 3 1 4 2 7 5 6 8
6 7 8 9 1 5 3 4 2
2 4 5 6 8 3 1 9 7
4 9 7 1 3 2 6 8 5
1 2 6 5 9 8 7 3 4
5 8 3 7 6 4 2 1 9
3 5 4 8 7 1 9 2 6
7 6 2 3 4 9 8 5 1
8 1 9 2 5 6 4 7 3

Step 11: Placed 9 in cell (7, 5)
9 3 1 4 2 7 5 6 8
6 7 8 9 1 5 3 4 2
2 4 5 6 8 3 1 9 7
4 9 7 1 3 2 6 8 5
1 2 6 5 9 8 7 3 4
5 8 3 7 6 4 2 1 9
3 5 4 8 7 1 9 2 6
7 6 2 3 4 9 8 5 1
8 1 9 2 5 6 4 7 3

Step 12: Placed 4 in cell (7, 4)
9 3 1 4 2 7 5 6 8
6 7 8 9 1 5 3 4 2
2 4 5 6 8 3 1 9 7
4 9 7 1 3 2 6 8 5
1 2 6 5 9 8 7 3 4
5 8 3 7 6 4 2 1 9
3 5 4 8 7 1 9 2 6
7 6 2 3 4 9 8 5 1
8 1 9 2 5 6 4 7 3

Step 13: Placed 3 in cell (7, 3)
9 3 1 4 2 7 5 6 8
6 7 8 9 1 5 3 4 2
2 4 5 6 8 3 1 9 7
4 9 7 1 3 2 6 8 5
1 2 6 5 9 8 7 3 4
5 8 3 7 6 4 2 1 9
3 5 4 8 7 1 9 2 6
7 6 2 3 4 9 8 5 1
8 1 9 2 5 6 4 7 3

Step 14: Placed 2 in cell (7, 2)
9 3 1 4 2 7 5 6 8
6 7 8 9 1 5 3 4 2
2 4 5 6 8 3 1 9 7
4 9 7 1 3 2 6 8 5
1 2 6 5 9 8 7 3 4
5 8 3 7 6 4 2 1 9
3 5 4 8 7 1 9 2 6
7 6 2 3 4 9 8 5 1
8 1 9 2 5 6 4 7 3

Step 15: Placed 7 in cell (7, 0)
9 3 1 4 2 7 5 6 8
6 7 8 9 1 5 3 4 2
2 4 5 6 8 3 1 9 7
4 9 7 1 3 2 6 8 5
1 2 6 5 9 8 7 3 4
5 8 3 7 6 4 2 1 9
3 5 4 8 7 1 9 2 6
7 6 2 3 4 9 8 5 1
8 1 9 2 5 6 4 7 3

Step 16: Placed 6 in cell (6, 8)
9 3 1 4 2 7 5 6 8
6 7 8 9 1 5 3 4 2
2 4 5 6 8 3 1 9 7
4 9 7 1 3 2 6 8 5
1 2 6 5 9 8 7 3 4
5 8 3 7 6 4 2 1 9
3 5 4 8 7 1 9 2 6
7 6 2 3 4 9 8 5 1
8 1 9 2 5 6 4 7 3

Step 17: Placed 2 in cell (6, 7)
9 3 1 4 2 7 5 6 8
6 7 8 9 1 5 3 4 2
2 4 5 6 8 3 1 9 7
4 9 7 1 3 2 6 8 5
1 2 6 5 9 8 7 3 4
5 8 3 7 6 4 2 1 9
3 5 4 8 7 1 9 2 6
7 6 2 3 4 9 8 5 1
8 1 9 2 5 6 4 7 3

Step 18: Placed 1 in cell (6, 5)
9 3 1 4 2 7 5 6 8
6 7 8 9 1 5 3 4 2
2 4 5 6 8 3 1 9 7
4 9 7 1 3 2 6 8 5
1 2 6 5 9 8 7 3 4
5 8 3 7 6 4 2 1 9
3 5 4 8 7 1 9 2 6
7 6 2 3 4 9 8 5 1
8 1 9 2 5 6 4 7 3

Step 19: Placed 8 in cell (6, 3)
9 3 1 4 2 7 5 6 8
6 7 8 9 1 5 3 4 2
2 4 5 6 8 3 1 9 7
4 9 7 1 3 2 6 8 5
1 2 6 5 9 8 7 3 4
5 8 3 7 6 4 2 1 9
3 5 4 8 7 1 9 2 6
7 6 2 3 4 9 8 5 1
8 1 9 2 5 6 4 7 3

Step 20: Placed 4 in cell (6, 2)
9 3 1 4 2 7 5 6 8
6 7 8 9 1 5 3 4 2
2 4 5 6 8 3 1 9 7
4 9 7 1 3 2 6 8 5
1 2 6 5 9 8 7 3 4
5 8 3 7 6 4 2 1 9
3 5 4 8 7 1 9 2 6
7 6 2 3 4 9 8 5 1
8 1 9 2 5 6 4 7 3

Step 21: Placed 5 in cell (6, 1)
9 3 1 4 2 7 5 6 8
6 7 8 9 1 5 3 4 2
2 4 5 6 8 3 1 9 7
4 9 7 1 3 2 6 8 5
1 2 6 5 9 8 7 3 4
5 8 3 7 6 4 2 1 9
3 5 4 8 7 1 9 2 6
7 6 2 3 4 9 8 5 1
8 1 9 2 5 6 4 7 3

Step 22: Placed 3 in cell (6, 0)
9 3 1 4 2 7 5 6 8
6 7 8 9 1 5 3 4 2
2 4 5 6 8 3 1 9 7
4 9 7 1 3 2 6 8 5
1 2 6 5 9 8 7 3 4
5 8 3 7 6 4 2 1 9
3 5 4 8 7 1 9 2 6
7 6 2 3 4 9 8 5 1
8 1 9 2 5 6 4 7 3

Step 23: Placed 9 in cell (5, 8)
9 3 1 4 2 7 5 6 8
6 7 8 9 1 5 3 4 2
2 4 5 6 8 3 1 9 7
4 9 7 1 3 2 6 8 5
1 2 6 5 9 8 7 3 4
5 8 3 7 6 4 2 1 9
3 5 4 8 7 1 9 2 6
7 6 2 3 4 9 8 5 1
8 1 9 2 5 6 4 7 3

Step 24: Placed 1 in cell (5, 7)
9 3 1 4 2 7 5 6 8
6 7 8 9 1 5 3 4 2
2 4 5 6 8 3 1 9 7
4 9 7 1 3 2 6 8 5
1 2 6 5 9 8 7 3 4
5 8 3 7 6 4 2 1 9
3 5 4 8 7 1 9 2 6
7 6 2 3 4 9 8 5 1
8 1 9 2 5 6 4 7 3

Step 25: Placed 2 in cell (5, 6)
9 3 1 4 2 7 5 6 8
6 7 8 9 1 5 3 4 2
2 4 5 6 8 3 1 9 7
4 9 7 1 3 2 6 8 5
1 2 6 5 9 8 7 3 4
5 8 3 7 6 4 2 1 9
3 5 4 8 7 1 9 2 6
7 6 2 3 4 9 8 5 1
8 1 9 2 5 6 4 7 3

Step 26: Placed 4 in cell (5, 5)
9 3 1 4 2 7 5 6 8
6 7 8 9 1 5 3 4 2
2 4 5 6 8 3 1 9 7
4 9 7 1 3 2 6 8 5
1 2 6 5 9 8 7 3 4
5 8 3 7 6 4 2 1 9
3 5 4 8 7 1 9 2 6
7 6 2 3 4 9 8 5 1
8 1 9 2 5 6 4 7 3

Step 27: Placed 6 in cell (5, 4)
9 3 1 4 2 7 5 6 8
6 7 8 9 1 5 3 4 2
2 4 5 6 8 3 1 9 7
4 9 7 1 3 2 6 8 5
1 2 6 5 9 8 7 3 4
5 8 3 7 6 4 2 1 9
3 5 4 8 7 1 9 2 6
7 6 2 3 4 9 8 5 1
8 1 9 2 5 6 4 7 3

Step 28: Placed 7 in cell (5, 3)
9 3 1 4 2 7 5 6 8
6 7 8 9 1 5 3 4 2
2 4 5 6 8 3 1 9 7
4 9 7 1 3 2 6 8 5
1 2 6 5 9 8 7 3 4
5 8 3 7 6 4 2 1 9
3 5 4 8 7 1 9 2 6
7 6 2 3 4 9 8 5 1
8 1 9 2 5 6 4 7 3

Step 29: Placed 3 in cell (5, 2)
9 3 1 4 2 7 5 6 8
6 7 8 9 1 5 3 4 2
2 4 5 6 8 3 1 9 7
4 9 7 1 3 2 6 8 5
1 2 6 5 9 8 7 3 4
5 8 3 7 6 4 2 1 9
3 5 4 8 7 1 9 2 6
7 6 2 3 4 9 8 5 1
8 1 9 2 5 6 4 7 3

Step 30: Placed 8 in cell (5, 1)
9 3 1 4 2 7 5 6 8
6 7 8 9 1 5 3 4 2
2 4 5 6 8 3 1 9 7
4 9 7 1 3 2 6 8 5
1 2 6 5 9 8 7 3 4
5 8 3 7 6 4 2 1 9
3 5 4 8 7 1 9 2 6
7 6 2 3 4 9 8 5 1
8 1 9 2 5 6 4 7 3

Step 31: Placed 3 in cell (4, 7)
9 3 1 4 2 7 5 6 8
6 7 8 9 1 5 3 4 2
2 4 5 6 8 3 1 9 7
4 9 7 1 3 2 6 8 5
1 2 6 5 9 8 7 3 4
5 8 3 7 6 4 2 1 9
3 5 4 8 7 1 9 2 6
7 6 2 3 4 9 8 5 1
8 1 9 2 5 6 4 7 3

Step 32: Placed 7 in cell (4, 6)
9 3 1 4 2 7 5 6 8
6 7 8 9 1 5 3 4 2
2 4 5 6 8 3 1 9 7
4 9 7 1 3 2 6 8 5
1 2 6 5 9 8 7 3 4
5 8 3 7 6 4 2 1 9
3 5 4 8 7 1 9 2 6
7 6 2 3 4 9 8 5 1
8 1 9 2 5 6 4 7 3

Step 33: Placed 8 in cell (4, 5)
9 3 1 4 2 7 5 6 8
6 7 8 9 1 5 3 4 2
2 4 5 6 8 3 1 9 7
4 9 7 1 3 2 6 8 5
1 2 6 5 9 8 7 3 4
5 8 3 7 6 4 2 1 9
3 5 4 8 7 1 9 2 6
7 6 2 3 4 9 8 5 1
8 1 9 2 5 6 4 7 3

Step 34: Placed 9 in cell (4, 4)
9 3 1 4 2 7 5 6 8
6 7 8 9 1 5 3 4 2
2 4 5 6 8 3 1 9 7
4 9 7 1 3 2 6 8 5
1 2 6 5 9 8 7 3 4
5 8 3 7 6 4 2 1 9
3 5 4 8 7 1 9 2 6
7 6 2 3 4 9 8 5 1
8 1 9 2 5 6 4 7 3

Step 35: Placed 5 in cell (4, 3)
9 3 1 4 2 7 5 6 8
6 7 8 9 1 5 3 4 2
2 4 5 6 8 3 1 9 7
4 9 7 1 3 2 6 8 5
1 2 6 5 9 8 7 3 4
5 8 3 7 6 4 2 1 9
3 5 4 8 7 1 9 2 6
7 6 2 3 4 9 8 5 1
8 1 9 2 5 6 4 7 3

Step 36: Placed 6 in cell (4, 2)
9 3 1 4 2 7 5 6 8
6 7 8 9 1 5 3 4 2
2 4 5 6 8 3 1 9 7
4 9 7 1 3 2 6 8 5
1 2 6 5 9 8 7 3 4
5 8 3 7 6 4 2 1 9
3 5 4 8 7 1 9 2 6
7 6 2 3 4 9 8 5 1
8 1 9 2 5 6 4 7 3

Step 37: Placed 2 in cell (4, 1)
9 3 1 4 2 7 5 6 8
6 7 8 9 1 5 3 4 2
2 4 5 6 8 3 1 9 7
4 9 7 1 3 2 6 8 5
1 2 6 5 9 8 7 3 4
5 8 3 7 6 4 2 1 9
3 5 4 8 7 1 9 2 6
7 6 2 3 4 9 8 5 1
8 1 9 2 5 6 4 7 3

Step 38: Placed 1 in cell (4, 0)
9 3 1 4 2 7 5 6 8
6 7 8 9 1 5 3 4 2
2 4 5 6 8 3 1 9 7
4 9 7 1 3 2 6 8 5
1 2 6 5 9 8 7 3 4
5 8 3 7 6 4 2 1 9
3 5 4 8 7 1 9 2 6
7 6 2 3 4 9 8 5 1
8 1 9 2 5 6 4 7 3

Step 39: Placed 5 in cell (3, 8)
9 3 1 4 2 7 5 6 8
6 7 8 9 1 5 3 4 2
2 4 5 6 8 3 1 9 7
4 9 7 1 3 2 6 8 5
1 2 6 5 9 8 7 3 4
5 8 3 7 6 4 2 1 9
3 5 4 8 7 1 9 2 6
7 6 2 3 4 9 8 5 1
8 1 9 2 5 6 4 7 3

Step 40: Placed 8 in cell (3, 7)
9 3 1 4 2 7 5 6 8
6 7 8 9 1 5 3 4 2
2 4 5 6 8 3 1 9 7
4 9 7 1 3 2 6 8 5
1 2 6 5 9 8 7 3 4
5 8 3 7 6 4 2 1 9
3 5 4 8 7 1 9 2 6
7 6 2 3 4 9 8 5 1
8 1 9 2 5 6 4 7 3

Step 41: Placed 6 in cell (3, 6)
9 3 1 4 2 7 5 6 8
6 7 8 9 1 5 3 4 2
2 4 5 6 8 3 1 9 7
4 9 7 1 3 2 6 8 5
1 2 6 5 9 8 7 3 4
5 8 3 7 6 4 2 1 9
3 5 4 8 7 1 9 2 6
7 6 2 3 4 9 8 5 1
8 1 9 2 5 6 4 7 3

Step 42: Placed 3 in cell (3, 4)
9 3 1 4 2 7 5 6 8
6 7 8 9 1 5 3 4 2
2 4 5 6 8 3 1 9 7
4 9 7 1 3 2 6 8 5
1 2 6 5 9 8 7 3 4
5 8 3 7 6 4 2 1 9
3 5 4 8 7 1 9 2 6
7 6 2 3 4 9 8 5 1
8 1 9 2 5 6 4 7 3

Step 43: Placed 1 in cell (3, 3)
9 3 1 4 2 7 5 6 8
6 7 8 9 1 5 3 4 2
2 4 5 6 8 3 1 9 7
4 9 7 1 3 2 6 8 5
1 2 6 5 9 8 7 3 4
5 8 3 7 6 4 2 1 9
3 5 4 8 7 1 9 2 6
7 6 2 3 4 9 8 5 1
8 1 9 2 5 6 4 7 3

Step 44: Placed 7 in cell (3, 2)
9 3 1 4 2 7 5 6 8
6 7 8 9 1 5 3 4 2
2 4 5 6 8 3 1 9 7
4 9 7 1 3 2 6 8 5
1 2 6 5 9 8 7 3 4
5 8 3 7 6 4 2 1 9
3 5 4 8 7 1 9 2 6
7 6 2 3 4 9 8 5 1
8 1 9 2 5 6 4 7 3

Step 45: Placed 9 in cell (3, 1)
9 3 1 4 2 7 5 6 8
6 7 8 9 1 5 3 4 2
2 4 5 6 8 3 1 9 7
4 9 7 1 3 2 6 8 5
1 2 6 5 9 8 7 3 4
5 8 3 7 6 4 2 1 9
3 5 4 8 7 1 9 2 6
7 6 2 3 4 9 8 5 1
8 1 9 2 5 6 4 7 3

Step 46: Placed 4 in cell (3, 0)
9 3 1 4 2 7 5 6 8
6 7 8 9 1 5 3 4 2
2 4 5 6 8 3 1 9 7
4 9 7 1 3 2 6 8 5
1 2 6 5 9 8 7 3 4
5 8 3 7 6 4 2 1 9
3 5 4 8 7 1 9 2 6
7 6 2 3 4 9 8 5 1
8 1 9 2 5 6 4 7 3

Step 47: Placed 7 in cell (2, 8)
9 3 1 4 2 7 5 6 8
6 7 8 9 1 5 3 4 2
2 4 5 6 8 3 1 9 7
4 9 7 1 3 2 6 8 5
1 2 6 5 9 8 7 3 4
5 8 3 7 6 4 2 1 9
3 5 4 8 7 1 9 2 6
7 6 2 3 4 9 8 5 1
8 1 9 2 5 6 4 7 3

Step 48: Placed 9 in cell (2, 7)
9 3 1 4 2 7 5 6 8
6 7 8 9 1 5 3 4 2
2 4 5 6 8 3 1 9 7
4 9 7 1 3 2 6 8 5
1 2 6 5 9 8 7 3 4
5 8 3 7 6 4 2 1 9
3 5 4 8 7 1 9 2 6
7 6 2 3 4 9 8 5 1
8 1 9 2 5 6 4 7 3

Step 49: Placed 1 in cell (2, 6)
9 3 1 4 2 7 5 6 8
6 7 8 9 1 5 3 4 2
2 4 5 6 8 3 1 9 7
4 9 7 1 3 2 6 8 5
1 2 6 5 9 8 7 3 4
5 8 3 7 6 4 2 1 9
3 5 4 8 7 1 9 2 6
7 6 2 3 4 9 8 5 1
8 1 9 2 5 6 4 7 3

Step 50: Placed 3 in cell (2, 5)
9 3 1 4 2 7 5 6 8
6 7 8 9 1 5 3 4 2
2 4 5 6 8 3 1 9 7
4 9 7 1 3 2 6 8 5
1 2 6 5 9 8 7 3 4
5 8 3 7 6 4 2 1 9
3 5 4 8 7 1 9 2 6
7 6 2 3 4 9 8 5 1
8 1 9 2 5 6 4 7 3

Step 51: Placed 8 in cell (2, 4)
9 3 1 4 2 7 5 6 8
6 7 8 9 1 5 3 4 2
2 4 5 6 8 3 1 9 7
4 9 7 1 3 2 6 8 5
1 2 6 5 9 8 7 3 4
5 8 3 7 6 4 2 1 9
3 5 4 8 7 1 9 2 6
7 6 2 3 4 9 8 5 1
8 1 9 2 5 6 4 7 3

Step 52: Placed 5 in cell (2, 2)
9 3 1 4 2 7 5 6 8
6 7 8 9 1 5 3 4 2
2 4 5 6 8 3 1 9 7
4 9 7 1 3 2 6 8 5
1 2 6 5 9 8 7 3 4
5 8 3 7 6 4 2 1 9
3 5 4 8 7 1 9 2 6
7 6 2 3 4 9 8 5 1
8 1 9 2 5 6 4 7 3

Step 53: Placed 4 in cell (2, 1)
9 3 1 4 2 7 5 6 8
6 7 8 9 1 5 3 4 2
2 4 5 6 8 3 1 9 7
4 9 7 1 3 2 6 8 5
1 2 6 5 9 8 7 3 4
5 8 3 7 6 4 2 1 9
3 5 4 8 7 1 9 2 6
7 6 2 3 4 9 8 5 1
8 1 9 2 5 6 4 7 3

Step 54: Placed 2 in cell (2, 0)
9 3 1 4 2 7 5 6 8
6 7 8 9 1 5 3 4 2
2 4 5 6 8 3 1 9 7
4 9 7 1 3 2 6 8 5
1 2 6 5 9 8 7 3 4
5 8 3 7 6 4 2 1 9
3 5 4 8 7 1 9 2 6
7 6 2 3 4 9 8 5 1
8 1 9 2 5 6 4 7 3

Step 55: Placed 2 in cell (1, 8)
9 3 1 4 2 7 5 6 8
6 7 8 9 1 5 3 4 2
2 4 5 6 8 3 1 9 7
4 9 7 1 3 2 6 8 5
1 2 6 5 9 8 7 3 4
5 8 3 7 6 4 2 1 9
3 5 4 8 7 1 9 2 6
7 6 2 3 4 9 8 5 1
8 1 9 2 5 6 4 7 3

Step 56: Placed 4 in cell (1, 7)
9 3 1 4 2 7 5 6 8
6 7 8 9 1 5 3 4 2
2 4 5 6 8 3 1 9 7
4 9 7 1 3 2 6 8 5
1 2 6 5 9 8 7 3 4
5 8 3 7 6 4 2 1 9
3 5 4 8 7 1 9 2 6
7 6 2 3 4 9 8 5 1
8 1 9 2 5 6 4 7 3

Step 57: Placed 3 in cell (1, 6)
9 3 1 4 2 7 5 6 8
6 7 8 9 1 5 3 4 2
2 4 5 6 8 3 1 9 7
4 9 7 1 3 2 6 8 5
1 2 6 5 9 8 7 3 4
5 8 3 7 6 4 2 1 9
3 5 4 8 7 1 9 2 6
7 6 2 3 4 9 8 5 1
8 1 9 2 5 6 4 7 3

Step 58: Placed 5 in cell (1, 5)
9 3 1 4 2 7 5 6 8
6 7 8 9 1 5 3 4 2
2 4 5 6 8 3 1 9 7
4 9 7 1 3 2 6 8 5
1 2 6 5 9 8 7 3 4
5 8 3 7 6 4 2 1 9
3 5 4 8 7 1 9 2 6
7 6 2 3 4 9 8 5 1
8 1 9 2 5 6 4 7 3

Step 59: Placed 1 in cell (1, 4)
9 3 1 4 2 7 5 6 8
6 7 8 9 1 5 3 4 2
2 4 5 6 8 3 1 9 7
4 9 7 1 3 2 6 8 5
1 2 6 5 9 8 7 3 4
5 8 3 7 6 4 2 1 9
3 5 4 8 7 1 9 2 6
7 6 2 3 4 9 8 5 1
8 1 9 2 5 6 4 7 3

Step 60: Placed 9 in cell (1, 3)
9 3 1 4 2 7 5 6 8
6 7 8 9 1 5 3 4 2
2 4 5 6 8 3 1 9 7
4 9 7 1 3 2 6 8 5
1 2 6 5 9 8 7 3 4
5 8 3 7 6 4 2 1 9
3 5 4 8 7 1 9 2 6
7 6 2 3 4 9 8 5 1
8 1 9 2 5 6 4 7 3

Step 61: Placed 7 in cell (1, 1)
9 3 1 4 2 7 5 6 8
6 7 8 9 1 5 3 4 2
2 4 5 6 8 3 1 9 7
4 9 7 1 3 2 6 8 5
1 2 6 5 9 8 7 3 4
5 8 3 7 6 4 2 1 9
3 5 4 8 7 1 9 2 6
7 6 2 3 4 9 8 5 1
8 1 9 2 5 6 4 7 3

Step 62: Placed 6 in cell (1, 0)
9 3 1 4 2 7 5 6 8
6 7 8 9 1 5 3 4 2
2 4 5 6 8 3 1 9 7
4 9 7 1 3 2 6 8 5
1 2 6 5 9 8 7 3 4
5 8 3 7 6 4 2 1 9
3 5 4 8 7 1 9 2 6
7 6 2 3 4 9 8 5 1
8 1 9 2 5 6 4 7 3

Step 63: Placed 8 in cell (0, 8)
9 3 1 4 2 7 5 6 8
6 7 8 9 1 5 3 4 2
2 4 5 6 8 3 1 9 7
4 9 7 1 3 2 6 8 5
1 2 6 5 9 8 7 3 4
5 8 3 7 6 4 2 1 9
3 5 4 8 7 1 9 2 6
7 6 2 3 4 9 8 5 1
8 1 9 2 5 6 4 7 3

Step 64: Placed 6 in cell (0, 7)
9 3 1 4 2 7 5 6 8
6 7 8 9 1 5 3 4 2
2 4 5 6 8 3 1 9 7
4 9 7 1 3 2 6 8 5
1 2 6 5 9 8 7 3 4
5 8 3 7 6 4 2 1 9
3 5 4 8 7 1 9 2 6
7 6 2 3 4 9 8 5 1
8 1 9 2 5 6 4 7 3

Step 65: Placed 7 in cell (0, 5)
9 3 1 4 2 7 5 6 8
6 7 8 9 1 5 3 4 2
2 4 5 6 8 3 1 9 7
4 9 7 1 3 2 6 8 5
1 2 6 5 9 8 7 3 4
5 8 3 7 6 4 2 1 9
3 5 4 8 7 1 9 2 6
7 6 2 3 4 9 8 5 1
8 1 9 2 5 6 4 7 3

Step 66: Placed 2 in cell (0, 4)
9 3 1 4 2 7 5 6 8
6 7 8 9 1 5 3 4 2
2 4 5 6 8 3 1 9 7
4 9 7 1 3 2 6 8 5
1 2 6 5 9 8 7 3 4
5 8 3 7 6 4 2 1 9
3 5 4 8 7 1 9 2 6
7 6 2 3 4 9 8 5 1
8 1 9 2 5 6 4 7 3

Step 67: Placed 4 in cell (0, 3)
9 3 1 4 2 7 5 6 8
6 7 8 9 1 5 3 4 2
2 4 5 6 8 3 1 9 7
4 9 7 1 3 2 6 8 5
1 2 6 5 9 8 7 3 4
5 8 3 7 6 4 2 1 9
3 5 4 8 7 1 9 2 6
7 6 2 3 4 9 8 5 1
8 1 9 2 5 6 4 7 3

Step 68: Placed 1 in cell (0, 2)
9 3 1 4 2 7 5 6 8
6 7 8 9 1 5 3 4 2
2 4 5 6 8 3 1 9 7
4 9 7 1 3 2 6 8 5
1 2 6 5 9 8 7 3 4
5 8 3 7 6 4 2 1 9
3 5 4 8 7 1 9 2 6
7 6 2 3 4 9 8 5 1
8 1 9 2 5 6 4 7 3

Step 69: Placed 3 in cell (0, 1)
9 3 1 4 2 7 5 6 8
6 7 8 9 1 5 3 4 2
2 4 5 6 8 3 1 9 7
4 9 7 1 3 2 6 8 5
1 2 6 5 9 8 7 3 4
5 8 3 7 6 4 2 1 9
3 5 4 8 7 1 9 2 6
7 6 2 3 4 9 8 5 1
8 1 9 2 5 6 4 7 3

Step 70: Placed 9 in cell (0, 0)
9 3 1 4 2 7 5 6 8
6 7 8 9 1 5 3 4 2
2 4 5 6 8 3 1 9 7
4 9 7 1 3 2 6 8 5
1 2 6 5 9 8 7 3 4
5 8 3 7 6 4 2 1 9
3 5 4 8 7 1 9 2 6
7 6 2 3 4 9 8 5 1
8 1 9 2 5 6 4 7 3


Solution found!
Total expanded states: 1012
Total visited states: 1012
Execution time: 0.118011 seconds
Memory usage: 1952 Bytes
---------------------------
9 3 1 4 2 7 5 6 8
6 7 8 9 1 5 3 4 2
2 4 5 6 8 3 1 9 7
4 9 7 1 3 2 6 8 5
1 2 6 5 9 8 7 3 4
5 8 3 7 6 4 2 1 9
3 5 4 8 7 1 9 2 6
7 6 2 3 4 9 8 5 1
8 1 9 2 5 6 4 7 3

