=== Start solving Sudoku using DFS ===

Step 0: Placed 4 in cell (8, 8)
9 8 4 3 1 5 6 7 2
2 5 7 4 9 6 8 3 1
6 1 3 2 7 8 5 4 9
3 7 8 6 2 9 4 1 5
4 2 9 8 5 1 7 6 3
5 6 1 7 4 3 9 2 8
8 3 2 9 6 4 1 5 7
7 4 5 1 8 2 3 9 6
1 9 6 5 3 7 2 8 4

Step 1: Placed 2 in cell (8, 6)
9 8 4 3 1 5 6 7 2
2 5 7 4 9 6 8 3 1
6 1 3 2 7 8 5 4 9
3 7 8 6 2 9 4 1 5
4 2 9 8 5 1 7 6 3
5 6 1 7 4 3 9 2 8
8 3 2 9 6 4 1 5 7
7 4 5 1 8 2 3 9 6
1 9 6 5 3 7 2 8 4

Step 2: Placed 7 in cell (8, 5)
9 8 4 3 1 5 6 7 2
2 5 7 4 9 6 8 3 1
6 1 3 2 7 8 5 4 9
3 7 8 6 2 9 4 1 5
4 2 9 8 5 1 7 6 3
5 6 1 7 4 3 9 2 8
8 3 2 9 6 4 1 5 7
7 4 5 1 8 2 3 9 6
1 9 6 5 3 7 2 8 4

Step 3: Placed 5 in cell (8, 3)
9 8 4 3 1 5 6 7 2
2 5 7 4 9 6 8 3 1
6 1 3 2 7 8 5 4 9
3 7 8 6 2 9 4 1 5
4 2 9 8 5 1 7 6 3
5 6 1 7 4 3 9 2 8
8 3 2 9 6 4 1 5 7
7 4 5 1 8 2 3 9 6
1 9 6 5 3 7 2 8 4

Step 4: Placed 6 in cell (8, 2)
9 8 4 3 1 5 6 7 2
2 5 7 4 9 6 8 3 1
6 1 3 2 7 8 5 4 9
3 7 8 6 2 9 4 1 5
4 2 9 8 5 1 7 6 3
5 6 1 7 4 3 9 2 8
8 3 2 9 6 4 1 5 7
7 4 5 1 8 2 3 9 6
1 9 6 5 3 7 2 8 4

Step 5: Placed 1 in cell (8, 0)
9 8 4 3 1 5 6 7 2
2 5 7 4 9 6 8 3 1
6 1 3 2 7 8 5 4 9
3 7 8 6 2 9 4 1 5
4 2 9 8 5 1 7 6 3
5 6 1 7 4 3 9 2 8
8 3 2 9 6 4 1 5 7
7 4 5 1 8 2 3 9 6
1 9 6 5 3 7 2 8 4

Step 6: Placed 6 in cell (7, 8)
9 8 4 3 1 5 6 7 2
2 5 7 4 9 6 8 3 1
6 1 3 2 7 8 5 4 9
3 7 8 6 2 9 4 1 5
4 2 9 8 5 1 7 6 3
5 6 1 7 4 3 9 2 8
8 3 2 9 6 4 1 5 7
7 4 5 1 8 2 3 9 6
1 9 6 5 3 7 2 8 4

Step 7: Placed 9 in cell (7, 7)
9 8 4 3 1 5 6 7 2
2 5 7 4 9 6 8 3 1
6 1 3 2 7 8 5 4 9
3 7 8 6 2 9 4 1 5
4 2 9 8 5 1 7 6 3
5 6 1 7 4 3 9 2 8
8 3 2 9 6 4 1 5 7
7 4 5 1 8 2 3 9 6
1 9 6 5 3 7 2 8 4

Step 8: Placed 3 in cell (7, 6)
9 8 4 3 1 5 6 7 2
2 5 7 4 9 6 8 3 1
6 1 3 2 7 8 5 4 9
3 7 8 6 2 9 4 1 5
4 2 9 8 5 1 7 6 3
5 6 1 7 4 3 9 2 8
8 3 2 9 6 4 1 5 7
7 4 5 1 8 2 3 9 6
1 9 6 5 3 7 2 8 4

Step 9: Placed 2 in cell (7, 5)
9 8 4 3 1 5 6 7 2
2 5 7 4 9 6 8 3 1
6 1 3 2 7 8 5 4 9
3 7 8 6 2 9 4 1 5
4 2 9 8 5 1 7 6 3
5 6 1 7 4 3 9 2 8
8 3 2 9 6 4 1 5 7
7 4 5 1 8 2 3 9 6
1 9 6 5 3 7 2 8 4

Step 10: Placed 8 in cell (7, 4)
9 8 4 3 1 5 6 7 2
2 5 7 4 9 6 8 3 1
6 1 3 2 7 8 5 4 9
3 7 8 6 2 9 4 1 5
4 2 9 8 5 1 7 6 3
5 6 1 7 4 3 9 2 8
8 3 2 9 6 4 1 5 7
7 4 5 1 8 2 3 9 6
1 9 6 5 3 7 2 8 4

Step 11: Placed 1 in cell (7, 3)
9 8 4 3 1 5 6 7 2
2 5 7 4 9 6 8 3 1
6 1 3 2 7 8 5 4 9
3 7 8 6 2 9 4 1 5
4 2 9 8 5 1 7 6 3
5 6 1 7 4 3 9 2 8
8 3 2 9 6 4 1 5 7
7 4 5 1 8 2 3 9 6
1 9 6 5 3 7 2 8 4

Step 12: Placed 5 in cell (7, 2)
9 8 4 3 1 5 6 7 2
2 5 7 4 9 6 8 3 1
6 1 3 2 7 8 5 4 9
3 7 8 6 2 9 4 1 5
4 2 9 8 5 1 7 6 3
5 6 1 7 4 3 9 2 8
8 3 2 9 6 4 1 5 7
7 4 5 1 8 2 3 9 6
1 9 6 5 3 7 2 8 4

Step 13: Placed 4 in cell (7, 1)
9 8 4 3 1 5 6 7 2
2 5 7 4 9 6 8 3 1
6 1 3 2 7 8 5 4 9
3 7 8 6 2 9 4 1 5
4 2 9 8 5 1 7 6 3
5 6 1 7 4 3 9 2 8
8 3 2 9 6 4 1 5 7
7 4 5 1 8 2 3 9 6
1 9 6 5 3 7 2 8 4

Step 14: Placed 7 in cell (7, 0)
9 8 4 3 1 5 6 7 2
2 5 7 4 9 6 8 3 1
6 1 3 2 7 8 5 4 9
3 7 8 6 2 9 4 1 5
4 2 9 8 5 1 7 6 3
5 6 1 7 4 3 9 2 8
8 3 2 9 6 4 1 5 7
7 4 5 1 8 2 3 9 6
1 9 6 5 3 7 2 8 4

Step 15: Placed 1 in cell (6, 6)
9 8 4 3 1 5 6 7 2
2 5 7 4 9 6 8 3 1
6 1 3 2 7 8 5 4 9
3 7 8 6 2 9 4 1 5
4 2 9 8 5 1 7 6 3
5 6 1 7 4 3 9 2 8
8 3 2 9 6 4 1 5 7
7 4 5 1 8 2 3 9 6
1 9 6 5 3 7 2 8 4

Step 16: Placed 6 in cell (6, 4)
9 8 4 3 1 5 6 7 2
2 5 7 4 9 6 8 3 1
6 1 3 2 7 8 5 4 9
3 7 8 6 2 9 4 1 5
4 2 9 8 5 1 7 6 3
5 6 1 7 4 3 9 2 8
8 3 2 9 6 4 1 5 7
7 4 5 1 8 2 3 9 6
1 9 6 5 3 7 2 8 4

Step 17: Placed 9 in cell (6, 3)
9 8 4 3 1 5 6 7 2
2 5 7 4 9 6 8 3 1
6 1 3 2 7 8 5 4 9
3 7 8 6 2 9 4 1 5
4 2 9 8 5 1 7 6 3
5 6 1 7 4 3 9 2 8
8 3 2 9 6 4 1 5 7
7 4 5 1 8 2 3 9 6
1 9 6 5 3 7 2 8 4

Step 18: Placed 3 in cell (6, 1)
9 8 4 3 1 5 6 7 2
2 5 7 4 9 6 8 3 1
6 1 3 2 7 8 5 4 9
3 7 8 6 2 9 4 1 5
4 2 9 8 5 1 7 6 3
5 6 1 7 4 3 9 2 8
8 3 2 9 6 4 1 5 7
7 4 5 1 8 2 3 9 6
1 9 6 5 3 7 2 8 4

Step 19: Placed 8 in cell (6, 0)
9 8 4 3 1 5 6 7 2
2 5 7 4 9 6 8 3 1
6 1 3 2 7 8 5 4 9
3 7 8 6 2 9 4 1 5
4 2 9 8 5 1 7 6 3
5 6 1 7 4 3 9 2 8
8 3 2 9 6 4 1 5 7
7 4 5 1 8 2 3 9 6
1 9 6 5 3 7 2 8 4

Step 20: Placed 2 in cell (5, 7)
9 8 4 3 1 5 6 7 2
2 5 7 4 9 6 8 3 1
6 1 3 2 7 8 5 4 9
3 7 8 6 2 9 4 1 5
4 2 9 8 5 1 7 6 3
5 6 1 7 4 3 9 2 8
8 3 2 9 6 4 1 5 7
7 4 5 1 8 2 3 9 6
1 9 6 5 3 7 2 8 4

Step 21: Placed 9 in cell (5, 6)
9 8 4 3 1 5 6 7 2
2 5 7 4 9 6 8 3 1
6 1 3 2 7 8 5 4 9
3 7 8 6 2 9 4 1 5
4 2 9 8 5 1 7 6 3
5 6 1 7 4 3 9 2 8
8 3 2 9 6 4 1 5 7
7 4 5 1 8 2 3 9 6
1 9 6 5 3 7 2 8 4

Step 22: Placed 3 in cell (5, 5)
9 8 4 3 1 5 6 7 2
2 5 7 4 9 6 8 3 1
6 1 3 2 7 8 5 4 9
3 7 8 6 2 9 4 1 5
4 2 9 8 5 1 7 6 3
5 6 1 7 4 3 9 2 8
8 3 2 9 6 4 1 5 7
7 4 5 1 8 2 3 9 6
1 9 6 5 3 7 2 8 4

Step 23: Placed 1 in cell (5, 2)
9 8 4 3 1 5 6 7 2
2 5 7 4 9 6 8 3 1
6 1 3 2 7 8 5 4 9
3 7 8 6 2 9 4 1 5
4 2 9 8 5 1 7 6 3
5 6 1 7 4 3 9 2 8
8 3 2 9 6 4 1 5 7
7 4 5 1 8 2 3 9 6
1 9 6 5 3 7 2 8 4

Step 24: Placed 6 in cell (5, 1)
9 8 4 3 1 5 6 7 2
2 5 7 4 9 6 8 3 1
6 1 3 2 7 8 5 4 9
3 7 8 6 2 9 4 1 5
4 2 9 8 5 1 7 6 3
5 6 1 7 4 3 9 2 8
8 3 2 9 6 4 1 5 7
7 4 5 1 8 2 3 9 6
1 9 6 5 3 7 2 8 4

Step 25: Placed 5 in cell (5, 0)
9 8 4 3 1 5 6 7 2
2 5 7 4 9 6 8 3 1
6 1 3 2 7 8 5 4 9
3 7 8 6 2 9 4 1 5
4 2 9 8 5 1 7 6 3
5 6 1 7 4 3 9 2 8
8 3 2 9 6 4 1 5 7
7 4 5 1 8 2 3 9 6
1 9 6 5 3 7 2 8 4

Step 26: Placed 3 in cell (4, 8)
9 8 4 3 1 5 6 7 2
2 5 7 4 9 6 8 3 1
6 1 3 2 7 8 5 4 9
3 7 8 6 2 9 4 1 5
4 2 9 8 5 1 7 6 3
5 6 1 7 4 3 9 2 8
8 3 2 9 6 4 1 5 7
7 4 5 1 8 2 3 9 6
1 9 6 5 3 7 2 8 4

Step 27: Placed 6 in cell (4, 7)
9 8 4 3 1 5 6 7 2
2 5 7 4 9 6 8 3 1
6 1 3 2 7 8 5 4 9
3 7 8 6 2 9 4 1 5
4 2 9 8 5 1 7 6 3
5 6 1 7 4 3 9 2 8
8 3 2 9 6 4 1 5 7
7 4 5 1 8 2 3 9 6
1 9 6 5 3 7 2 8 4

Step 28: Placed 1 in cell (4, 5)
9 8 4 3 1 5 6 7 2
2 5 7 4 9 6 8 3 1
6 1 3 2 7 8 5 4 9
3 7 8 6 2 9 4 1 5
4 2 9 8 5 1 7 6 3
5 6 1 7 4 3 9 2 8
8 3 2 9 6 4 1 5 7
7 4 5 1 8 2 3 9 6
1 9 6 5 3 7 2 8 4

Step 29: Placed 5 in cell (4, 4)
9 8 4 3 1 5 6 7 2
2 5 7 4 9 6 8 3 1
6 1 3 2 7 8 5 4 9
3 7 8 6 2 9 4 1 5
4 2 9 8 5 1 7 6 3
5 6 1 7 4 3 9 2 8
8 3 2 9 6 4 1 5 7
7 4 5 1 8 2 3 9 6
1 9 6 5 3 7 2 8 4

Step 30: Placed 2 in cell (4, 1)
9 8 4 3 1 5 6 7 2
2 5 7 4 9 6 8 3 1
6 1 3 2 7 8 5 4 9
3 7 8 6 2 9 4 1 5
4 2 9 8 5 1 7 6 3
5 6 1 7 4 3 9 2 8
8 3 2 9 6 4 1 5 7
7 4 5 1 8 2 3 9 6
1 9 6 5 3 7 2 8 4

Step 31: Placed 4 in cell (4, 0)
9 8 4 3 1 5 6 7 2
2 5 7 4 9 6 8 3 1
6 1 3 2 7 8 5 4 9
3 7 8 6 2 9 4 1 5
4 2 9 8 5 1 7 6 3
5 6 1 7 4 3 9 2 8
8 3 2 9 6 4 1 5 7
7 4 5 1 8 2 3 9 6
1 9 6 5 3 7 2 8 4

Step 32: Placed 1 in cell (3, 7)
9 8 4 3 1 5 6 7 2
2 5 7 4 9 6 8 3 1
6 1 3 2 7 8 5 4 9
3 7 8 6 2 9 4 1 5
4 2 9 8 5 1 7 6 3
5 6 1 7 4 3 9 2 8
8 3 2 9 6 4 1 5 7
7 4 5 1 8 2 3 9 6
1 9 6 5 3 7 2 8 4

Step 33: Placed 4 in cell (3, 6)
9 8 4 3 1 5 6 7 2
2 5 7 4 9 6 8 3 1
6 1 3 2 7 8 5 4 9
3 7 8 6 2 9 4 1 5
4 2 9 8 5 1 7 6 3
5 6 1 7 4 3 9 2 8
8 3 2 9 6 4 1 5 7
7 4 5 1 8 2 3 9 6
1 9 6 5 3 7 2 8 4

Step 34: Placed 9 in cell (3, 5)
9 8 4 3 1 5 6 7 2
2 5 7 4 9 6 8 3 1
6 1 3 2 7 8 5 4 9
3 7 8 6 2 9 4 1 5
4 2 9 8 5 1 7 6 3
5 6 1 7 4 3 9 2 8
8 3 2 9 6 4 1 5 7
7 4 5 1 8 2 3 9 6
1 9 6 5 3 7 2 8 4

Step 35: Placed 6 in cell (3, 3)
9 8 4 3 1 5 6 7 2
2 5 7 4 9 6 8 3 1
6 1 3 2 7 8 5 4 9
3 7 8 6 2 9 4 1 5
4 2 9 8 5 1 7 6 3
5 6 1 7 4 3 9 2 8
8 3 2 9 6 4 1 5 7
7 4 5 1 8 2 3 9 6
1 9 6 5 3 7 2 8 4

Step 36: Placed 3 in cell (3, 0)
9 8 4 3 1 5 6 7 2
2 5 7 4 9 6 8 3 1
6 1 3 2 7 8 5 4 9
3 7 8 6 2 9 4 1 5
4 2 9 8 5 1 7 6 3
5 6 1 7 4 3 9 2 8
8 3 2 9 6 4 1 5 7
7 4 5 1 8 2 3 9 6
1 9 6 5 3 7 2 8 4

Step 37: Placed 9 in cell (2, 8)
9 8 4 3 1 5 6 7 2
2 5 7 4 9 6 8 3 1
6 1 3 2 7 8 5 4 9
3 7 8 6 2 9 4 1 5
4 2 9 8 5 1 7 6 3
5 6 1 7 4 3 9 2 8
8 3 2 9 6 4 1 5 7
7 4 5 1 8 2 3 9 6
1 9 6 5 3 7 2 8 4

Step 38: Placed 7 in cell (2, 4)
9 8 4 3 1 5 6 7 2
2 5 7 4 9 6 8 3 1
6 1 3 2 7 8 5 4 9
3 7 8 6 2 9 4 1 5
4 2 9 8 5 1 7 6 3
5 6 1 7 4 3 9 2 8
8 3 2 9 6 4 1 5 7
7 4 5 1 8 2 3 9 6
1 9 6 5 3 7 2 8 4

Step 39: Placed 2 in cell (2, 3)
9 8 4 3 1 5 6 7 2
2 5 7 4 9 6 8 3 1
6 1 3 2 7 8 5 4 9
3 7 8 6 2 9 4 1 5
4 2 9 8 5 1 7 6 3
5 6 1 7 4 3 9 2 8
8 3 2 9 6 4 1 5 7
7 4 5 1 8 2 3 9 6
1 9 6 5 3 7 2 8 4

Step 40: Placed 1 in cell (2, 1)
9 8 4 3 1 5 6 7 2
2 5 7 4 9 6 8 3 1
6 1 3 2 7 8 5 4 9
3 7 8 6 2 9 4 1 5
4 2 9 8 5 1 7 6 3
5 6 1 7 4 3 9 2 8
8 3 2 9 6 4 1 5 7
7 4 5 1 8 2 3 9 6
1 9 6 5 3 7 2 8 4

Step 41: Placed 3 in cell (1, 7)
9 8 4 3 1 5 6 7 2
2 5 7 4 9 6 8 3 1
6 1 3 2 7 8 5 4 9
3 7 8 6 2 9 4 1 5
4 2 9 8 5 1 7 6 3
5 6 1 7 4 3 9 2 8
8 3 2 9 6 4 1 5 7
7 4 5 1 8 2 3 9 6
1 9 6 5 3 7 2 8 4

Step 42: Placed 8 in cell (1, 6)
9 8 4 3 1 5 6 7 2
2 5 7 4 9 6 8 3 1
6 1 3 2 7 8 5 4 9
3 7 8 6 2 9 4 1 5
4 2 9 8 5 1 7 6 3
5 6 1 7 4 3 9 2 8
8 3 2 9 6 4 1 5 7
7 4 5 1 8 2 3 9 6
1 9 6 5 3 7 2 8 4

Step 43: Placed 9 in cell (1, 4)
9 8 4 3 1 5 6 7 2
2 5 7 4 9 6 8 3 1
6 1 3 2 7 8 5 4 9
3 7 8 6 2 9 4 1 5
4 2 9 8 5 1 7 6 3
5 6 1 7 4 3 9 2 8
8 3 2 9 6 4 1 5 7
7 4 5 1 8 2 3 9 6
1 9 6 5 3 7 2 8 4

Step 44: Placed 7 in cell (1, 2)
9 8 4 3 1 5 6 7 2
2 5 7 4 9 6 8 3 1
6 1 3 2 7 8 5 4 9
3 7 8 6 2 9 4 1 5
4 2 9 8 5 1 7 6 3
5 6 1 7 4 3 9 2 8
8 3 2 9 6 4 1 5 7
7 4 5 1 8 2 3 9 6
1 9 6 5 3 7 2 8 4

Step 45: Placed 2 in cell (1, 0)
9 8 4 3 1 5 6 7 2
2 5 7 4 9 6 8 3 1
6 1 3 2 7 8 5 4 9
3 7 8 6 2 9 4 1 5
4 2 9 8 5 1 7 6 3
5 6 1 7 4 3 9 2 8
8 3 2 9 6 4 1 5 7
7 4 5 1 8 2 3 9 6
1 9 6 5 3 7 2 8 4

Step 46: Placed 2 in cell (0, 8)
9 8 4 3 1 5 6 7 2
2 5 7 4 9 6 8 3 1
6 1 3 2 7 8 5 4 9
3 7 8 6 2 9 4 1 5
4 2 9 8 5 1 7 6 3
5 6 1 7 4 3 9 2 8
8 3 2 9 6 4 1 5 7
7 4 5 1 8 2 3 9 6
1 9 6 5 3 7 2 8 4

Step 47: Placed 5 in cell (0, 5)
9 8 4 3 1 5 6 7 2
2 5 7 4 9 6 8 3 1
6 1 3 2 7 8 5 4 9
3 7 8 6 2 9 4 1 5
4 2 9 8 5 1 7 6 3
5 6 1 7 4 3 9 2 8
8 3 2 9 6 4 1 5 7
7 4 5 1 8 2 3 9 6
1 9 6 5 3 7 2 8 4

Step 48: Placed 1 in cell (0, 4)
9 8 4 3 1 5 6 7 2
2 5 7 4 9 6 8 3 1
6 1 3 2 7 8 5 4 9
3 7 8 6 2 9 4 1 5
4 2 9 8 5 1 7 6 3
5 6 1 7 4 3 9 2 8
8 3 2 9 6 4 1 5 7
7 4 5 1 8 2 3 9 6
1 9 6 5 3 7 2 8 4

Step 49: Placed 3 in cell (0, 3)
9 8 4 3 1 5 6 7 2
2 5 7 4 9 6 8 3 1
6 1 3 2 7 8 5 4 9
3 7 8 6 2 9 4 1 5
4 2 9 8 5 1 7 6 3
5 6 1 7 4 3 9 2 8
8 3 2 9 6 4 1 5 7
7 4 5 1 8 2 3 9 6
1 9 6 5 3 7 2 8 4


Solution found!
Total expanded states: 109
Total visited states: 109
Execution time: 0.009953 seconds
Memory usage: 3488 Bytes
---------------------------
9 8 4 3 1 5 6 7 2
2 5 7 4 9 6 8 3 1
6 1 3 2 7 8 5 4 9
3 7 8 6 2 9 4 1 5
4 2 9 8 5 1 7 6 3
5 6 1 7 4 3 9 2 8
8 3 2 9 6 4 1 5 7
7 4 5 1 8 2 3 9 6
1 9 6 5 3 7 2 8 4

